length: 0.34925 #m
width: 0.41275 #m
height: 0.0127 #m

